Filas: 11 Columnas: 10
S: (4, 0)
E: (5, 9)
Iteracion: 0
Nodos generados: (4, 0)
Nodos inspeccionados:
------------------------------------------------
Iteracion: 1
Nodos generados: (3, 1) (4, 1) (5, 1)
Nodos inspeccionados: (4, 0)
------------------------------------------------
Iteracion: 2
Nodos generados: (3, 1) (4, 1) (4, 2) (5, 2) (6, 1) (6, 2)
Nodos inspeccionados: (4, 0) (5, 1)
------------------------------------------------
Iteracion: 3
Nodos generados: (3, 1) (4, 2) (5, 2) (6, 1) (6, 2) (3, 2)
Nodos inspeccionados: (4, 0) (5, 1) (4, 1)
------------------------------------------------
Iteracion: 4
Nodos generados: (3, 1) (4, 2) (6, 1) (6, 2) (3, 2) (5, 3) (6, 3)
Nodos inspeccionados: (4, 0) (5, 1) (4, 1) (5, 2)
------------------------------------------------
Iteracion: 5
Nodos generados: (3, 1) (6, 1) (6, 2) (3, 2) (5, 3) (6, 3)
Nodos inspeccionados: (4, 0) (5, 1) (4, 1) (5, 2) (4, 2)
------------------------------------------------
Iteracion: 6
Nodos generados: (3, 1) (6, 1) (6, 2) (3, 2) (6, 3) (5, 4) (6, 4)
Nodos inspeccionados: (4, 0) (5, 1) (4, 1) (5, 2) (4, 2) (5, 3)
------------------------------------------------
Iteracion: 7
Nodos generados: (6, 1) (6, 2) (3, 2) (6, 3) (5, 4) (6, 4) (2, 1) (2, 2)
Nodos inspeccionados: (4, 0) (5, 1) (4, 1) (5, 2) (4, 2) (5, 3) (3, 1)
------------------------------------------------
Iteracion: 8
Nodos generados: (6, 1) (6, 2) (3, 2) (6, 3) (6, 4) (2, 1) (2, 2) (5, 5) (6, 5)
Nodos inspeccionados: (4, 0) (5, 1) (4, 1) (5, 2) (4, 2) (5, 3) (3, 1) (5, 4)
------------------------------------------------
Iteracion: 9
Nodos generados: (6, 1) (3, 2) (6, 3) (6, 4) (2, 1) (2, 2) (5, 5) (6, 5) (7, 1) (7, 2)
Nodos inspeccionados: (4, 0) (5, 1) (4, 1) (5, 2) (4, 2) (5, 3) (3, 1) (5, 4) (6, 2)
------------------------------------------------
Iteracion: 10
Nodos generados: (3, 2) (6, 3) (6, 4) (2, 1) (2, 2) (5, 5) (6, 5) (7, 1) (7, 2)
Nodos inspeccionados: (4, 0) (5, 1) (4, 1) (5, 2) (4, 2) (5, 3) (3, 1) (5, 4) (6, 2) (6, 1)
------------------------------------------------
Iteracion: 11
Nodos generados: (6, 3) (6, 4) (2, 1) (2, 2) (5, 5) (6, 5) (7, 1) (7, 2)
Nodos inspeccionados: (4, 0) (5, 1) (4, 1) (5, 2) (4, 2) (5, 3) (3, 1) (5, 4) (6, 2) (6, 1) (3, 2)
------------------------------------------------
Iteracion: 12
Nodos generados: (6, 3) (6, 4) (2, 1) (2, 2) (6, 5) (7, 1) (7, 2) (5, 6) (6, 6)
Nodos inspeccionados: (4, 0) (5, 1) (4, 1) (5, 2) (4, 2) (5, 3) (3, 1) (5, 4) (6, 2) (6, 1) (3, 2) (5, 5)
------------------------------------------------
Iteracion: 13
Nodos generados: (6, 4) (2, 1) (2, 2) (6, 5) (7, 1) (7, 2) (5, 6) (6, 6)
Nodos inspeccionados: (4, 0) (5, 1) (4, 1) (5, 2) (4, 2) (5, 3) (3, 1) (5, 4) (6, 2) (6, 1) (3, 2) (5, 5) (6, 3)
------------------------------------------------
Iteracion: 14
Nodos generados: (6, 4) (2, 1) (2, 2) (6, 5) (7, 1) (7, 2) (6, 6) (4, 7) (5, 7) (6, 7)
Nodos inspeccionados: (4, 0) (5, 1) (4, 1) (5, 2) (4, 2) (5, 3) (3, 1) (5, 4) (6, 2) (6, 1) (3, 2) (5, 5) (6, 3) (5, 6)
------------------------------------------------
Iteracion: 15
Nodos generados: (2, 1) (2, 2) (6, 5) (7, 1) (7, 2) (6, 6) (4, 7) (5, 7) (6, 7)
Nodos inspeccionados: (4, 0) (5, 1) (4, 1) (5, 2) (4, 2) (5, 3) (3, 1) (5, 4) (6, 2) (6, 1) (3, 2) (5, 5) (6, 3) (5, 6) (6, 4)
------------------------------------------------
Iteracion: 16
Nodos generados: (2, 1) (2, 2) (6, 5) (7, 1) (7, 2) (6, 6) (4, 7) (6, 7) (4, 8) (5, 8) (6, 8)
Nodos inspeccionados: (4, 0) (5, 1) (4, 1) (5, 2) (4, 2) (5, 3) (3, 1) (5, 4) (6, 2) (6, 1) (3, 2) (5, 5) (6, 3) (5, 6) (6, 4) (5, 7)
------------------------------------------------
Iteracion: 17
Nodos generados: (2, 1) (6, 5) (7, 1) (7, 2) (6, 6) (4, 7) (6, 7) (4, 8) (5, 8) (6, 8) (1, 1) (1, 2)
Nodos inspeccionados: (4, 0) (5, 1) (4, 1) (5, 2) (4, 2) (5, 3) (3, 1) (5, 4) (6, 2) (6, 1) (3, 2) (5, 5) (6, 3) (5, 6) (6, 4) (5, 7) (2, 2)
------------------------------------------------
Iteracion: 18
Nodos generados: (2, 1) (7, 1) (7, 2) (6, 6) (4, 7) (6, 7) (4, 8) (5, 8) (6, 8) (1, 1) (1, 2)
Nodos inspeccionados: (4, 0) (5, 1) (4, 1) (5, 2) (4, 2) (5, 3) (3, 1) (5, 4) (6, 2) (6, 1) (3, 2) (5, 5) (6, 3) (5, 6) (6, 4) (5, 7) (2, 2) (6, 5)
------------------------------------------------
Iteracion: 19
Nodos generados: (7, 1) (7, 2) (6, 6) (4, 7) (6, 7) (4, 8) (5, 8) (6, 8) (1, 1) (1, 2)
Nodos inspeccionados: (4, 0) (5, 1) (4, 1) (5, 2) (4, 2) (5, 3) (3, 1) (5, 4) (6, 2) (6, 1) (3, 2) (5, 5) (6, 3) (5, 6) (6, 4) (5, 7) (2, 2) (6, 5) (2, 1)
------------------------------------------------
Iteracion: 20
Nodos generados: (7, 1) (7, 2) (6, 6) (4, 7) (6, 7) (4, 8) (6, 8) (1, 1) (1, 2) (5, 9)
Nodos inspeccionados: (4, 0) (5, 1) (4, 1) (5, 2) (4, 2) (5, 3) (3, 1) (5, 4) (6, 2) (6, 1) (3, 2) (5, 5) (6, 3) (5, 6) (6, 4) (5, 7) (2, 2) (6, 5) (2, 1) (5, 8)
------------------------------------------------
Iteracion: 21
Nodos generados: (7, 1) (6, 6) (4, 7) (6, 7) (4, 8) (6, 8) (1, 1) (1, 2) (5, 9) (8, 1) (8, 2)
Nodos inspeccionados: (4, 0) (5, 1) (4, 1) (5, 2) (4, 2) (5, 3) (3, 1) (5, 4) (6, 2) (6, 1) (3, 2) (5, 5) (6, 3) (5, 6) (6, 4) (5, 7) (2, 2) (6, 5) (2, 1) (5, 8) (7, 2)
------------------------------------------------
Iteracion: 22
Nodos generados: (7, 1) (4, 7) (6, 7) (4, 8) (6, 8) (1, 1) (1, 2) (5, 9) (8, 1) (8, 2) (7, 7)
Nodos inspeccionados: (4, 0) (5, 1) (4, 1) (5, 2) (4, 2) (5, 3) (3, 1) (5, 4) (6, 2) (6, 1) (3, 2) (5, 5) (6, 3) (5, 6) (6, 4) (5, 7) (2, 2) (6, 5) (2, 1) (5, 8) (7, 2) (6, 6)
------------------------------------------------
Iteracion: 23
Nodos generados: (4, 7) (6, 7) (4, 8) (6, 8) (1, 1) (1, 2) (5, 9) (8, 1) (8, 2) (7, 7)
Nodos inspeccionados: (4, 0) (5, 1) (4, 1) (5, 2) (4, 2) (5, 3) (3, 1) (5, 4) (6, 2) (6, 1) (3, 2) (5, 5) (6, 3) (5, 6) (6, 4) (5, 7) (2, 2) (6, 5) (2, 1) (5, 8) (7, 2) (6, 6) (7, 1)
------------------------------------------------
Iteracion: 24
Nodos generados: (4, 7) (6, 7) (4, 8) (6, 8) (1, 1) (1, 2) (8, 1) (8, 2) (7, 7)
Nodos inspeccionados: (4, 0) (5, 1) (4, 1) (5, 2) (4, 2) (5, 3) (3, 1) (5, 4) (6, 2) (6, 1) (3, 2) (5, 5) (6, 3) (5, 6) (6, 4) (5, 7) (2, 2) (6, 5) (2, 1) (5, 8) (7, 2) (6, 6) (7, 1) (5, 9)
------------------------------------------------
Camino encontrado
Camino: (4, 0) (5, 1) (5, 2) (5, 3) (5, 4) (5, 5) (5, 6) (5, 7) (5, 8) (5, 9)
Nodos generados: 33
Nodos inspeccionados: 24
Coste: 47
■ ■ ■ ■ ■ ■ ■ ■ ■ ■ 
■ - - ■ - - - - - ■ 
■ - - ■ - - - - - ■ 
■ - - ■ - - ■ - - ■ 
* - - ■ ■ ■ ■ - - ■ 
■ * * * * * * * * * 
■ - - - - - - - - ■ 
■ - - ■ ■ ■ ■ - - ■ 
■ - - ■ - - - - - ■ 
■ - - ■ - - - - - ■ 
■ ■ ■ ■ ■ ■ ■ ■ ■ ■ 
